969 969 997 1061 1048 989 969 969 969 974 1057 1062 1049 1048 975 969 969 994 1069 1005 982 1053 993 969 969 1005 1057 982 969 1031 1014 969 969 1008 1049 975 969 1028 1019 969 969 993 1061 979 978 1046 1010 969 969 974 1060 1038 1039 1062 986 969 969 969 997 1065 1063 1007 970 969
970 970 984 1031 1043 1014 976 970 970 970 997 1056 1067 1030 978 970 970 977 1018 1071 1068 1023 975 970 970 985 1034 1067 1064 1014 972 970 970 976 1016 1050 1063 1010 972 970 970 971 1004 1039 1061 1012 972 970 970 970 999 1043 1063 1024 984 974 970 970 983 1029 1059 1027 988 979
968 975 1036 1067 1035 987 968 968 968 1006 1064 1050 1054 1009 971 968 968 999 1022 997 1046 1012 972 968 968 972 979 999 1051 1001 970 968 968 968 975 1028 1040 986 968 968 968 971 1004 1049 1020 983 974 968 968 977 1047 1067 1052 1042 1017 972 968 974 1041 1066 1061 1050 1025 981
968 973 1029 1068 1067 1018 972 968 968 998 1056 1030 1049 1051 980 968 968 983 995 991 1054 1031 972 968 968 969 978 1031 1068 1007 968 968 968 968 973 1005 1052 1050 984 968 968 971 976 972 997 1053 1013 968 968 974 1020 1011 1026 1061 1010 968 968 972 1035 1071 1065 1028 976 968
977 977 979 1021 1051 992 977 977 977 977 998 1061 1033 989 983 979 977 981 1042 1052 1009 1012 1002 978 977 1005 1070 1020 1021 1045 1017 977 977 1030 1070 1039 1058 1065 1009 977 977 1016 1048 1057 1070 1045 988 977 977 984 996 1027 1063 1007 977 977 977 977 980 1025 1055 990 977 977
981 988 1046 1061 1064 1053 1004 981 981 1008 1073 1056 1032 1021 994 981 981 1017 1070 1015 992 985 981 981 981 1010 1069 1055 1033 1003 983 981 981 992 1028 1037 1036 1024 990 981 981 982 988 1005 1028 1030 994 981 981 987 1016 1031 1051 1024 988 981 981 987 1050 1072 1036 993 981 981
968 968 975 1045 1038 978 968 968 968 968 1014 1071 1016 974 968 968 968 972 1051 1039 976 969 968 968 968 982 1062 1028 997 982 969 968 968 991 1070 1059 1052 1039 988 968 968 980 1070 1046 1009 1037 1032 970 968 969 1037 1057 1009 1046 1041 973 968 968 977 1042 1074 1059 999 968
972 973 1007 1059 1066 1043 1008 979 972 978 1041 1050 1048 1054 1009 976 972 977 1004 990 1020 1047 995 973 972 975 1002 1014 1053 1053 1003 972 972 981 1033 1063 1071 1048 1001 972 972 981 1011 1052 1045 1001 976 972 972 972 994 1054 1011 973 972 972 972 972 1015 1049 988 972 972 972
971 972 1004 1049 1054 1012 974 971 971 983 1052 1051 1034 1046 988 971 971 989 1048 1023 1025 1049 985 971 971 979 1027 1060 1061 1016 974 971 971 974 1018 1066 1058 999 971 971 971 978 1044 1028 1035 1028 979 971 971 978 1045 1028 1029 1037 985 971 971 972 1004 1054 1059 1017 979 971
977 977 1014 1053 1049 1014 986 977 977 992 1059 1037 1040 1050 993 977 977 999 1056 1014 1026 1067 997 977 977 990 1044 1054 1060 1067 1001 977 977 978 997 1012 1011 1051 1006 977 977 978 979 980 992 1038 1014 977 977 981 1015 1007 1014 1042 1011 977 977 977 1015 1054 1061 1033 991 977
